# begin magnoom config
 ax: 1
 ay: 0
 az: 0
 bx: 0
 by: 1.1547
 bz: 0
 cx: 0
 cy: 0
 cz: 0.5

 ax: 1.414213562373095
 ay: 0
 az: 0
 bx: 0.707106781186548
 by: 1.224744871391589
 bz: 0
 cx: 0.707106781186548
 cy: 0.408248290463863
 cz: 0.866025403784439

# Na: 20
# Nb: 20
# Nc: 100
# Shells: 3

# end magnoom config